                                                                     
                                                                     
                                                                     
                                             
Mean Extinction law (0.3 - 35 micron) (Mathis 1990 + CCM89)
==========================================================
Wavelength  A_lambda/A_J
--------------------------------
  0.30     6.411547
  0.31     6.235617
  0.32     6.035765
  0.33     5.870767
  0.34     5.746824
  0.35     5.652001
  0.36     5.571388
  0.37     5.492892
  0.38     5.408694
  0.39     5.314891
  0.40     5.210547
  0.41     5.096681
  0.42     4.975422
  0.43     4.849372
  0.44     4.721173
  0.45     4.593233
  0.46     4.467589
  0.47     4.345837
  0.48     4.229137
  0.49     4.118244
  0.50     4.013556
  0.51     3.915177
  0.52     3.822978
  0.53     3.736650
  0.54     3.655759
  0.55     3.579786
  0.56     3.508168
  0.57     3.440325
  0.58     3.375684
  0.59     3.313697
  0.60     3.253853
  0.61     3.195689
  0.62     3.138794
  0.63     3.082811
  0.64     3.027440
  0.65     2.972435
  0.66     2.917605
  0.67     2.862807
  0.68     2.807945
  0.69     2.752967
  0.70     2.697857
  0.71     2.642635
  0.72     2.587352
  0.73     2.532082
  0.74     2.476926
  0.75     2.422001
  0.76     2.367439
  0.77     2.313387
  0.78     2.259999
  0.79     2.207439
  0.80     2.155874
  0.81     2.105474
  0.82     2.056410
  0.83     2.008855
  0.84     1.962976
  0.85     1.918940
  0.86     1.876910
  0.87     1.837042
  0.88     1.799488
  0.89     1.764395
  0.90     1.731900
  0.91     1.715444
  0.92     1.683867
  0.93     1.653202
  0.94     1.623415
  0.95     1.594472
  0.96     1.566340
  0.97     1.538987
  0.98     1.512386
  0.99     1.486508
  1.00     1.461326
  1.01     1.436814
  1.02     1.412950
  1.03     1.389709
  1.04     1.367069
  1.05     1.345009
  1.06     1.323509
  1.07     1.302551
  1.08     1.282114
  1.09     1.262182
  1.10     1.242738
  1.11     1.223765
  1.12     1.205248
  1.13     1.187172
  1.14     1.169523
  1.15     1.152287
  1.16     1.135451
  1.17     1.119002
  1.18     1.102929
  1.19     1.087219
  1.20     1.071862
  1.21     1.056846
  1.22     1.042162
  1.23     1.027799
  1.24     1.013748
  1.25     1.000000
  1.26     0.986545
  1.27     0.973376
  1.28     0.960484
  1.29     0.947861
  1.30     0.935499
  1.31     0.923391
  1.32     0.911531
  1.33     0.899910
  1.34     0.888523
  1.35     0.877364
  1.36     0.866425
  1.37     0.855701
  1.38     0.845187
  1.39     0.834876
  1.40     0.824763
  1.41     0.814844
  1.42     0.805113
  1.43     0.795565
  1.44     0.786196
  1.45     0.777001
  1.46     0.767975
  1.47     0.759115
  1.48     0.750416
  1.49     0.741874
  1.50     0.733486
  1.51     0.725247
  1.52     0.717155
  1.53     0.709205
  1.54     0.701394
  1.55     0.693718
  1.56     0.686175
  1.57     0.678762
  1.58     0.671475
  1.59     0.664312
  1.60     0.657269
  1.61     0.650344
  1.62     0.643534
  1.63     0.636837
  1.64     0.630249
  1.65     0.623770
  1.66     0.617395
  1.67     0.611124
  1.68     0.604952
  1.69     0.598880
  1.70     0.592903
  1.71     0.587021
  1.72     0.581231
  1.73     0.575531
  1.74     0.569919
  1.75     0.564394
  1.76     0.558953
  1.77     0.553595
  1.78     0.548319
  1.79     0.543121
  1.80     0.538002
  1.81     0.532959
  1.82     0.527990
  1.83     0.523094
  1.84     0.518271
  1.85     0.513517
  1.86     0.508833
  1.87     0.504216
  1.88     0.499665
  1.89     0.495179
  1.90     0.490756
  1.91     0.486396
  1.92     0.482098
  1.93     0.477859
  1.94     0.473679
  1.95     0.469557
  1.96     0.465491
  1.97     0.461482
  1.98     0.457526
  1.99     0.453625
  2.00     0.449776
  2.01     0.445978
  2.02     0.442232
  2.03     0.438534
  2.04     0.434886
  2.05     0.431286
  2.06     0.427733
  2.07     0.424226
  2.08     0.420765
  2.09     0.417348
  2.10     0.413975
  2.11     0.410645
  2.12     0.407358
  2.13     0.404112
  2.14     0.400907
  2.15     0.397742
  2.16     0.394617
  2.17     0.391530
  2.18     0.388482
  2.19     0.385471
  2.20     0.382497
  2.21     0.379560
  2.22     0.376658
  2.23     0.373791
  2.24     0.370959
  2.25     0.368160
  2.26     0.365395
  2.27     0.362663
  2.28     0.359963
  2.29     0.357295
  2.30     0.354658
  2.31     0.352052
  2.32     0.349476
  2.33     0.346930
  2.34     0.344413
  2.35     0.341926
  2.36     0.339466
  2.37     0.337035
  2.38     0.334631
  2.39     0.332254
  2.40     0.329904
  2.41     0.327580
  2.42     0.325283
  2.43     0.323010
  2.44     0.320763
  2.45     0.318540
  2.46     0.316342
  2.47     0.314168
  2.48     0.312018
  2.49     0.309890
  2.50     0.307786
  2.51     0.305704
  2.52     0.303645
  2.53     0.301607
  2.54     0.299592
  2.55     0.297597
  2.56     0.295624
  2.57     0.293671
  2.58     0.291738
  2.59     0.289826
  2.60     0.287934
  2.61     0.286061
  2.62     0.284207
  2.63     0.282372
  2.64     0.280556
  2.65     0.278759
  2.66     0.276980
  2.67     0.275219
  2.68     0.273475
  2.69     0.271749
  2.70     0.270040
  2.71     0.268349
  2.72     0.266674
  2.73     0.265015
  2.74     0.263373
  2.75     0.261747
  2.76     0.260137
  2.77     0.258542
  2.78     0.256963
  2.79     0.255399
  2.80     0.253851
  2.81     0.252317
  2.82     0.250798
  2.83     0.249293
  2.84     0.247803
  2.85     0.246326
  2.86     0.244864
  2.87     0.243415
  2.88     0.241980
  2.89     0.240558
  2.90     0.239150
  2.91     0.237755
  2.92     0.236372
  2.93     0.235002
  2.94     0.233645
  2.95     0.232300
  2.96     0.230968
  2.97     0.229647
  2.98     0.228339
  2.99     0.227042
  3.00     0.225757
  3.01     0.224483
  3.02     0.223221
  3.03     0.221970
  3.04     0.220730
  3.05     0.219501
  3.06     0.218283
  3.07     0.217076
  3.08     0.215879
  3.09     0.214693
  3.10     0.213517
  3.11     0.212351
  3.12     0.211195
  3.13     0.210049
  3.14     0.208914
  3.15     0.207787
  3.16     0.206671
  3.17     0.205564
  3.18     0.204466
  3.19     0.203377
  3.20     0.202298
  3.21     0.201228
  3.22     0.200167
  3.23     0.199114
  3.24     0.198071
  3.25     0.197036
  3.26     0.196009
  3.27     0.194992
  3.28     0.193982
  3.29     0.192981
  3.30     0.191988
  3.31     0.191003
  3.32     0.190026
  3.33     0.189057
  3.34     0.188095
  3.35     0.187142
  3.36     0.186196
  3.37     0.185258
  3.38     0.184327
  3.39     0.183403
  3.40     0.182487
  3.41     0.181579
  3.42     0.180677
  3.43     0.179782
  3.44     0.178895
  3.45     0.178014
  3.46     0.177140
  3.47     0.176273
  3.48     0.175413
  3.49     0.174560
  3.50     0.173713
  3.51     0.172872
  3.52     0.172038
  3.53     0.171210
  3.54     0.170389
  3.55     0.169574
  3.56     0.168765
  3.57     0.167962
  3.58     0.167165
  3.59     0.166374
  3.60     0.165589
  3.61     0.164810
  3.62     0.164037
  3.63     0.163270
  3.64     0.162508
  3.65     0.161752
  3.66     0.161001
  3.67     0.160256
  3.68     0.159517
  3.69     0.158782
  3.70     0.158053
  3.71     0.157330
  3.72     0.156612
  3.73     0.155899
  3.74     0.155191
  3.75     0.154488
  3.76     0.153790
  3.77     0.153097
  3.78     0.152409
  3.79     0.151726
  3.80     0.151048
  3.81     0.150375
  3.82     0.149706
  3.83     0.149042
  3.84     0.148383
  3.85     0.147728
  3.86     0.147078
  3.87     0.146433
  3.88     0.145792
  3.89     0.145155
  3.90     0.144523
  3.91     0.143895
  3.92     0.143272
  3.93     0.142653
  3.94     0.142038
  3.95     0.141427
  3.96     0.140820
  3.97     0.140218
  3.98     0.139619
  3.99     0.139025
  4.00     0.138435
  4.01     0.137848
  4.02     0.137266
  4.03     0.136687
  4.04     0.136113
  4.05     0.135542
  4.06     0.134975
  4.07     0.134412
  4.08     0.133852
  4.09     0.133296
  4.10     0.132744
  4.11     0.132195
  4.12     0.131650
  4.13     0.131109
  4.14     0.130571
  4.15     0.130036
  4.16     0.129506
  4.17     0.128978
  4.18     0.128454
  4.19     0.127933
  4.20     0.127416
  4.21     0.126902
  4.22     0.126391
  4.23     0.125883
  4.24     0.125379
  4.25     0.124878
  4.26     0.124380
  4.27     0.123885
  4.28     0.123394
  4.29     0.122905
  4.30     0.122420
  4.31     0.121937
  4.32     0.121458
  4.33     0.120981
  4.34     0.120508
  4.35     0.120037
  4.36     0.119569
  4.37     0.119105
  4.38     0.118643
  4.39     0.118184
  4.40     0.117727
  4.41     0.117274
  4.42     0.116823
  4.43     0.116375
  4.44     0.115930
  4.45     0.115487
  4.46     0.115048
  4.47     0.114610
  4.48     0.114176
  4.49     0.113744
  4.50     0.113315
  4.51     0.112888
  4.52     0.112464
  4.53     0.112042
  4.54     0.111623
  4.55     0.111206
  4.56     0.110792
  4.57     0.110380
  4.58     0.109970
  4.59     0.109563
  4.60     0.109159
  4.61     0.108757
  4.62     0.108357
  4.63     0.107959
  4.64     0.107564
  4.65     0.107171
  4.66     0.106780
  4.67     0.106392
  4.68     0.106006
  4.69     0.105622
  4.70     0.105240
  4.71     0.104860
  4.72     0.104483
  4.73     0.104108
  4.74     0.103735
  4.75     0.103364
  4.76     0.102995
  4.77     0.102628
  4.78     0.102263
  4.79     0.101901
  4.80     0.101540
  4.81     0.101181
  4.82     0.100825
  4.83     0.100470
  4.84     0.100117
  4.85     0.099767
  4.86     0.099418
  4.87     0.099071
  4.88     0.098726
  4.89     0.098383
  4.90     0.098042
  4.91     0.097703
  4.92     0.097366
  4.93     0.097030
  4.94     0.096697
  4.95     0.096365
  4.96     0.096035
  4.97     0.095706
  4.98     0.095380
  4.99     0.095055
  5.00     0.094732
  5.01     0.094411
  5.02     0.094092
  5.03     0.093774
  5.04     0.093458
  5.05     0.093143
  5.06     0.092831
  5.07     0.092520
  5.08     0.092210
  5.09     0.091902
  5.10     0.091596
  5.11     0.091292
  5.12     0.090989
  5.13     0.090688
  5.14     0.090388
  5.15     0.090090
  5.16     0.089793
  5.17     0.089498
  5.18     0.089204
  5.19     0.088912
  5.20     0.088622
  5.21     0.088333
  5.22     0.088045
  5.23     0.087759
  5.24     0.087475
  5.25     0.087192
  5.26     0.086910
  5.27     0.086630
  5.28     0.086351
  5.29     0.086074
  5.30     0.085798
  5.31     0.085524
  5.32     0.085251
  5.33     0.084979
  5.34     0.084708
  5.35     0.084439
  5.36     0.084172
  5.37     0.083906
  5.38     0.083641
  5.39     0.083377
  5.40     0.083115
  5.41     0.082854
  5.42     0.082594
  5.43     0.082336
  5.44     0.082078
  5.45     0.081823
  5.46     0.081568
  5.47     0.081315
  5.48     0.081063
  5.49     0.080812
  5.50     0.080562
  5.51     0.080314
  5.52     0.080066
  5.53     0.079820
  5.54     0.079576
  5.55     0.079332
  5.56     0.079090
  5.57     0.078848
  5.58     0.078608
  5.59     0.078369
  5.60     0.078132
  5.61     0.077895
  5.62     0.077660
  5.63     0.077425
  5.64     0.077192
  5.65     0.076960
  5.66     0.076729
  5.67     0.076499
  5.68     0.076270
  5.69     0.076042
  5.70     0.075816
  5.71     0.075590
  5.72     0.075366
  5.73     0.075142
  5.74     0.074920
  5.75     0.074698
  5.76     0.074478
  5.77     0.074259
  5.78     0.074041
  5.79     0.073823
  5.80     0.073607
  5.81     0.073392
  5.82     0.073178
  5.83     0.072964
  5.84     0.072752
  5.85     0.072541
  5.86     0.072330
  5.87     0.072121
  5.88     0.071913
  5.89     0.071705
  5.90     0.071499
  6.00     0.067319
  6.01     0.067187
  6.02     0.067058
  6.03     0.066931
  6.04     0.066808
  6.05     0.066688
  6.06     0.066570
  6.07     0.066456
  6.08     0.066345
  6.09     0.066237
  6.10     0.066132
  6.11     0.066030
  6.12     0.065932
  6.13     0.065836
  6.14     0.065744
  6.15     0.065654
  6.16     0.065568
  6.17     0.065485
  6.18     0.065405
  6.19     0.065328
  6.20     0.065254
  6.21     0.065183
  6.22     0.065116
  6.23     0.065052
  6.24     0.064990
  6.25     0.064932
  6.26     0.064878
  6.27     0.064826
  6.28     0.064777
  6.29     0.064732
  6.30     0.064690
  6.31     0.064651
  6.32     0.064616
  6.33     0.064583
  6.34     0.064554
  6.35     0.064528
  6.36     0.064505
  6.37     0.064485
  6.38     0.064469
  6.39     0.064456
  6.40     0.064446
  6.41     0.064439
  6.42     0.064436
  6.43     0.064436
  6.44     0.064439
  6.45     0.064446
  6.46     0.064455
  6.47     0.064468
  6.48     0.064485
  6.49     0.064504
  6.50     0.064527
  6.51     0.064553
  6.52     0.064583
  6.53     0.064616
  6.54     0.064652
  6.55     0.064691
  6.56     0.064734
  6.57     0.064780
  6.58     0.064830
  6.59     0.064883
  6.60     0.064939
  6.61     0.064999
  6.62     0.065061
  6.63     0.065128
  6.64     0.065197
  6.65     0.065271
  6.66     0.065347
  6.67     0.065427
  6.68     0.065510
  6.69     0.065597
  6.70     0.065687
  6.71     0.065780
  6.72     0.065877
  6.73     0.065977
  6.74     0.066081
  6.75     0.066188
  6.76     0.066299
  6.77     0.066413
  6.78     0.066530
  6.79     0.066651
  6.80     0.066776
  6.81     0.066904
  6.82     0.067035
  6.83     0.067170
  6.84     0.067308
  6.85     0.067450
  6.86     0.067596
  6.87     0.067744
  6.88     0.067897
  6.89     0.068052
  6.90     0.068212
  6.91     0.068375
  6.92     0.068541
  6.93     0.068711
  6.94     0.068885
  6.95     0.069062
  6.96     0.069242
  6.97     0.069426
  6.98     0.069614
  6.99     0.069805
  7.00     0.070000
  7.01     0.070126
  7.02     0.070255
  7.03     0.070388
  7.04     0.070524
  7.05     0.070665
  7.06     0.070809
  7.07     0.070956
  7.08     0.071108
  7.09     0.071263
  7.10     0.071422
  7.11     0.071584
  7.12     0.071750
  7.13     0.071919
  7.14     0.072093
  7.15     0.072269
  7.16     0.072450
  7.17     0.072634
  7.18     0.072821
  7.19     0.073012
  7.20     0.073207
  7.21     0.073405
  7.22     0.073607
  7.23     0.073812
  7.24     0.074021
  7.25     0.074233
  7.26     0.074449
  7.27     0.074668
  7.28     0.074891
  7.29     0.075117
  7.30     0.075347
  7.31     0.075580
  7.32     0.075816
  7.33     0.076056
  7.34     0.076300
  7.35     0.076547
  7.36     0.076797
  7.37     0.077050
  7.38     0.077307
  7.39     0.077568
  7.40     0.077832
  7.41     0.078099
  7.42     0.078369
  7.43     0.078643
  7.44     0.078920
  7.45     0.079201
  7.46     0.079485
  7.47     0.079772
  7.48     0.080062
  7.49     0.080356
  7.50     0.080653
  7.51     0.080953
  7.52     0.081256
  7.53     0.081563
  7.54     0.081873
  7.55     0.082186
  7.56     0.082503
  7.57     0.082822
  7.58     0.083145
  7.59     0.083471
  7.60     0.083800
  7.61     0.084133
  7.62     0.084468
  7.63     0.084807
  7.64     0.085149
  7.65     0.085494
  7.66     0.085842
  7.67     0.086193
  7.68     0.086548
  7.69     0.086905
  7.70     0.087266
  7.71     0.087629
  7.72     0.087996
  7.73     0.088366
  7.74     0.088739
  7.75     0.089115
  7.76     0.089493
  7.77     0.089875
  7.78     0.090260
  7.79     0.090648
  7.80     0.091039
  7.81     0.091433
  7.82     0.091830
  7.83     0.092230
  7.84     0.092633
  7.85     0.093039
  7.86     0.093447
  7.87     0.093859
  7.88     0.094274
  7.89     0.094691
  7.90     0.095112
  7.91     0.095535
  7.92     0.095961
  7.93     0.096390
  7.94     0.096822
  7.95     0.097257
  7.96     0.097695
  7.97     0.098136
  7.98     0.098579
  7.99     0.099025
  8.00     0.099474
  8.01     0.099926
  8.02     0.100381
  8.03     0.100838
  8.04     0.101298
  8.05     0.101761
  8.06     0.102227
  8.07     0.102695
  8.08     0.103166
  8.09     0.103640
  8.10     0.104117
  8.11     0.104596
  8.12     0.105078
  8.13     0.105563
  8.14     0.106051
  8.15     0.106541
  8.16     0.107033
  8.17     0.107529
  8.18     0.108027
  8.19     0.108528
  8.20     0.109031
  8.21     0.109537
  8.22     0.110046
  8.23     0.110557
  8.24     0.111071
  8.25     0.111587
  8.26     0.112106
  8.27     0.112627
  8.28     0.113151
  8.29     0.113678
  8.30     0.114207
  8.31     0.114739
  8.32     0.115273
  8.33     0.115810
  8.34     0.116349
  8.35     0.116891
  8.36     0.117435
  8.37     0.117981
  8.38     0.118531
  8.39     0.119082
  8.40     0.119636
  8.41     0.120193
  8.42     0.120751
  8.43     0.121313
  8.44     0.121876
  8.45     0.122442
  8.46     0.123011
  8.47     0.123582
  8.48     0.124155
  8.49     0.124731
  8.50     0.125309
  8.51     0.125889
  8.52     0.126471
  8.53     0.127056
  8.54     0.127644
  8.55     0.128233
  8.56     0.128825
  8.57     0.129419
  8.58     0.130016
  8.59     0.130614
  8.60     0.131215
  8.61     0.131818
  8.62     0.132424
  8.63     0.133032
  8.64     0.133641
  8.65     0.134254
  8.66     0.134868
  8.67     0.135484
  8.68     0.136103
  8.69     0.136724
  8.70     0.137347
  8.71     0.137972
  8.72     0.138600
  8.73     0.139229
  8.74     0.139861
  8.75     0.140494
  8.76     0.141130
  8.77     0.141768
  8.78     0.142408
  8.79     0.143050
  8.80     0.143695
  8.81     0.144341
  8.82     0.144989
  8.83     0.145640
  8.84     0.146292
  8.85     0.146946
  8.86     0.147603
  8.87     0.148261
  8.88     0.148922
  8.89     0.149584
  8.90     0.150249
  8.91     0.150915
  8.92     0.151583
  8.93     0.152254
  8.94     0.152926
  8.95     0.153600
  8.96     0.154276
  8.97     0.154954
  8.98     0.155634
  8.99     0.156316
  9.00     0.157000
  9.01     0.158010
  9.02     0.159027
  9.03     0.160052
  9.04     0.161083
  9.05     0.162120
  9.06     0.163162
  9.07     0.164208
  9.08     0.165258
  9.09     0.166310
  9.10     0.167365
  9.11     0.168422
  9.12     0.169479
  9.13     0.170536
  9.14     0.171593
  9.15     0.172648
  9.16     0.173702
  9.17     0.174752
  9.18     0.175799
  9.19     0.176842
  9.20     0.177880
  9.21     0.178913
  9.22     0.179939
  9.23     0.180959
  9.24     0.181970
  9.25     0.182974
  9.26     0.183968
  9.27     0.184952
  9.28     0.185926
  9.29     0.186889
  9.30     0.187840
  9.31     0.188778
  9.32     0.189703
  9.33     0.190614
  9.34     0.191510
  9.35     0.192390
  9.36     0.193255
  9.37     0.194102
  9.38     0.194932
  9.39     0.195744
  9.40     0.196537
  9.41     0.197310
  9.42     0.198063
  9.43     0.198795
  9.44     0.199505
  9.45     0.200192
  9.46     0.200856
  9.47     0.201497
  9.48     0.202112
  9.49     0.202703
  9.50     0.203267
  9.51     0.203804
  9.52     0.204315
  9.53     0.204797
  9.54     0.205250
  9.55     0.205673
  9.56     0.206067
  9.57     0.206429
  9.58     0.206760
  9.59     0.207058
  9.60     0.207323
  9.61     0.207555
  9.62     0.207751
  9.63     0.207913
  9.64     0.208039
  9.65     0.208128
  9.66     0.208180
  9.67     0.208194
  9.68     0.208169
  9.69     0.208105
  9.70     0.208000
  9.71     0.207815
  9.72     0.207592
  9.73     0.207334
  9.74     0.207042
  9.75     0.206717
  9.76     0.206361
  9.77     0.205975
  9.78     0.205560
  9.79     0.205118
  9.80     0.204650
  9.81     0.204157
  9.82     0.203642
  9.83     0.203104
  9.84     0.202547
  9.85     0.201970
  9.86     0.201376
  9.87     0.200766
  9.88     0.200141
  9.89     0.199503
  9.90     0.198853
  9.91     0.198192
  9.92     0.197523
  9.93     0.196845
  9.94     0.196161
  9.95     0.195472
  9.96     0.194779
  9.97     0.194084
  9.98     0.193388
  9.99     0.192693
 10.00     0.192000
 10.01     0.191467
 10.02     0.190933
 10.03     0.190400
 10.04     0.189866
 10.05     0.189333
 10.06     0.188800
 10.07     0.188266
 10.08     0.187733
 10.09     0.187200
 10.10     0.186667
 10.11     0.186134
 10.12     0.185601
 10.13     0.185068
 10.14     0.184535
 10.15     0.184003
 10.16     0.183471
 10.17     0.182938
 10.18     0.182406
 10.19     0.181874
 10.20     0.181342
 10.21     0.180811
 10.22     0.180279
 10.23     0.179748
 10.24     0.179217
 10.25     0.178686
 10.26     0.178156
 10.27     0.177626
 10.28     0.177096
 10.29     0.176566
 10.30     0.176036
 10.31     0.175507
 10.32     0.174978
 10.33     0.174450
 10.34     0.173921
 10.35     0.173393
 10.36     0.172865
 10.37     0.172338
 10.38     0.171811
 10.39     0.171285
 10.40     0.170758
 10.41     0.170232
 10.42     0.169707
 10.43     0.169182
 10.44     0.168657
 10.45     0.168133
 10.46     0.167609
 10.47     0.167085
 10.48     0.166562
 10.49     0.166040
 10.50     0.165518
 10.51     0.164996
 10.52     0.164475
 10.53     0.163955
 10.54     0.163434
 10.55     0.162915
 10.56     0.162396
 10.57     0.161877
 10.58     0.161359
 10.59     0.160842
 10.60     0.160325
 10.61     0.159808
 10.62     0.159293
 10.63     0.158778
 10.64     0.158263
 10.65     0.157749
 10.66     0.157236
 10.67     0.156723
 10.68     0.156211
 10.69     0.155700
 10.70     0.155189
 10.71     0.154679
 10.72     0.154169
 10.73     0.153660
 10.74     0.153152
 10.75     0.152645
 10.76     0.152138
 10.77     0.151633
 10.78     0.151127
 10.79     0.150623
 10.80     0.150119
 10.81     0.149616
 10.82     0.149114
 10.83     0.148613
 10.84     0.148112
 10.85     0.147613
 10.86     0.147114
 10.87     0.146616
 10.88     0.146118
 10.89     0.145622
 10.90     0.145126
 10.91     0.144631
 10.92     0.144138
 10.93     0.143645
 10.94     0.143152
 10.95     0.142661
 10.96     0.142171
 10.97     0.141682
 10.98     0.141193
 10.99     0.140706
 11.00     0.140219
 11.01     0.139733
 11.02     0.139249
 11.03     0.138765
 11.04     0.138282
 11.05     0.137801
 11.06     0.137320
 11.07     0.136840
 11.08     0.136362
 11.09     0.135884
 11.10     0.135408
 11.11     0.134932
 11.12     0.134458
 11.13     0.133984
 11.14     0.133512
 11.15     0.133041
 11.16     0.132571
 11.17     0.132102
 11.18     0.131634
 11.19     0.131167
 11.20     0.130701
 11.21     0.130237
 11.22     0.129773
 11.23     0.129311
 11.24     0.128850
 11.25     0.128391
 11.26     0.127932
 11.27     0.127475
 11.28     0.127019
 11.29     0.126564
 11.30     0.126110
 11.31     0.125657
 11.32     0.125206
 11.33     0.124756
 11.34     0.124308
 11.35     0.123860
 11.36     0.123414
 11.37     0.122970
 11.38     0.122526
 11.39     0.122084
 11.40     0.121643
 11.41     0.121204
 11.42     0.120766
 11.43     0.120329
 11.44     0.119894
 11.45     0.119460
 11.46     0.119027
 11.47     0.118596
 11.48     0.118166
 11.49     0.117738
 11.50     0.117311
 11.51     0.116885
 11.52     0.116461
 11.53     0.116039
 11.54     0.115617
 11.55     0.115198
 11.56     0.114780
 11.57     0.114363
 11.58     0.113948
 11.59     0.113534
 11.60     0.113122
 11.61     0.112712
 11.62     0.112303
 11.63     0.111895
 11.64     0.111489
 11.65     0.111085
 11.66     0.110682
 11.67     0.110281
 11.68     0.109881
 11.69     0.109483
 11.70     0.109087
 11.71     0.108692
 11.72     0.108299
 11.73     0.107908
 11.74     0.107518
 11.75     0.107130
 11.76     0.106744
 11.77     0.106359
 11.78     0.105976
 11.79     0.105595
 11.80     0.105215
 11.81     0.104837
 11.82     0.104461
 11.83     0.104087
 11.84     0.103714
 11.85     0.103344
 11.86     0.102975
 11.87     0.102607
 11.88     0.102242
 11.89     0.101878
 11.90     0.101516
 11.91     0.101156
 11.92     0.100798
 11.93     0.100442
 11.94     0.100087
 11.95     0.099735
 11.96     0.099384
 11.97     0.099035
 11.98     0.098688
 11.99     0.098343
 12.00     0.098000
 12.01     0.097642
 12.02     0.097286
 12.03     0.096932
 12.04     0.096579
 12.05     0.096228
 12.06     0.095878
 12.07     0.095530
 12.08     0.095184
 12.09     0.094839
 12.10     0.094497
 12.11     0.094155
 12.12     0.093816
 12.13     0.093478
 12.14     0.093141
 12.15     0.092807
 12.16     0.092474
 12.17     0.092142
 12.18     0.091812
 12.19     0.091484
 12.20     0.091157
 12.21     0.090832
 12.22     0.090509
 12.23     0.090187
 12.24     0.089867
 12.25     0.089548
 12.26     0.089232
 12.27     0.088916
 12.28     0.088602
 12.29     0.088290
 12.30     0.087980
 12.31     0.087671
 12.32     0.087363
 12.33     0.087057
 12.34     0.086753
 12.35     0.086450
 12.36     0.086149
 12.37     0.085850
 12.38     0.085552
 12.39     0.085255
 12.40     0.084960
 12.41     0.084667
 12.42     0.084375
 12.43     0.084085
 12.44     0.083797
 12.45     0.083510
 12.46     0.083224
 12.47     0.082940
 12.48     0.082658
 12.49     0.082377
 12.50     0.082097
 12.51     0.081819
 12.52     0.081543
 12.53     0.081268
 12.54     0.080995
 12.55     0.080723
 12.56     0.080453
 12.57     0.080184
 12.58     0.079917
 12.59     0.079651
 12.60     0.079387
 12.61     0.079124
 12.62     0.078863
 12.63     0.078603
 12.64     0.078345
 12.65     0.078088
 12.66     0.077833
 12.67     0.077579
 12.68     0.077327
 12.69     0.077076
 12.70     0.076827
 12.71     0.076579
 12.72     0.076333
 12.73     0.076088
 12.74     0.075845
 12.75     0.075603
 12.76     0.075362
 12.77     0.075123
 12.78     0.074885
 12.79     0.074649
 12.80     0.074415
 12.81     0.074181
 12.82     0.073950
 12.83     0.073719
 12.84     0.073490
 12.85     0.073263
 12.86     0.073037
 12.87     0.072812
 12.88     0.072589
 12.89     0.072367
 12.90     0.072147
 12.91     0.071928
 12.92     0.071710
 12.93     0.071494
 12.94     0.071280
 12.95     0.071066
 12.96     0.070855
 12.97     0.070644
 12.98     0.070435
 12.99     0.070227
 13.00     0.070021
 13.01     0.069816
 13.02     0.069613
 13.03     0.069411
 13.04     0.069210
 13.05     0.069010
 13.06     0.068812
 13.07     0.068616
 13.08     0.068421
 13.09     0.068227
 13.10     0.068034
 13.11     0.067843
 13.12     0.067653
 13.13     0.067465
 13.14     0.067278
 13.15     0.067092
 13.16     0.066908
 13.17     0.066725
 13.18     0.066543
 13.19     0.066363
 13.20     0.066184
 13.21     0.066006
 13.22     0.065830
 13.23     0.065655
 13.24     0.065481
 13.25     0.065309
 13.26     0.065138
 13.27     0.064968
 13.28     0.064800
 13.29     0.064633
 13.30     0.064467
 13.31     0.064302
 13.32     0.064139
 13.33     0.063977
 13.34     0.063817
 13.35     0.063658
 13.36     0.063500
 13.37     0.063343
 13.38     0.063188
 13.39     0.063033
 13.40     0.062881
 13.41     0.062729
 13.42     0.062579
 13.43     0.062430
 13.44     0.062282
 13.45     0.062136
 13.46     0.061990
 13.47     0.061847
 13.48     0.061704
 13.49     0.061562
 13.50     0.061422
 13.51     0.061283
 13.52     0.061146
 13.53     0.061009
 13.54     0.060874
 13.55     0.060740
 13.56     0.060608
 13.57     0.060476
 13.58     0.060346
 13.59     0.060217
 13.60     0.060089
 13.61     0.059963
 13.62     0.059837
 13.63     0.059713
 13.64     0.059590
 13.65     0.059469
 13.66     0.059348
 13.67     0.059229
 13.68     0.059111
 13.69     0.058994
 13.70     0.058878
 13.71     0.058764
 13.72     0.058651
 13.73     0.058538
 13.74     0.058428
 13.75     0.058318
 13.76     0.058209
 13.77     0.058102
 13.78     0.057996
 13.79     0.057891
 13.80     0.057787
 13.81     0.057684
 13.82     0.057583
 13.83     0.057483
 13.84     0.057383
 13.85     0.057285
 13.86     0.057188
 13.87     0.057093
 13.88     0.056998
 13.89     0.056905
 13.90     0.056813
 13.91     0.056721
 13.92     0.056631
 13.93     0.056543
 13.94     0.056455
 13.95     0.056368
 13.96     0.056283
 13.97     0.056198
 13.98     0.056115
 13.99     0.056033
 14.00     0.055952
 14.01     0.055872
 14.02     0.055793
 14.03     0.055716
 14.04     0.055639
 14.05     0.055564
 14.06     0.055489
 14.07     0.055416
 14.08     0.055344
 14.09     0.055273
 14.10     0.055203
 14.11     0.055134
 14.12     0.055066
 14.13     0.054999
 14.14     0.054933
 14.15     0.054869
 14.16     0.054805
 14.17     0.054743
 14.18     0.054681
 14.19     0.054621
 14.20     0.054562
 14.21     0.054503
 14.22     0.054446
 14.23     0.054390
 14.24     0.054335
 14.25     0.054281
 14.26     0.054228
 14.27     0.054176
 14.28     0.054125
 14.29     0.054075
 14.30     0.054026
 14.31     0.053978
 14.32     0.053931
 14.33     0.053886
 14.34     0.053841
 14.35     0.053797
 14.36     0.053754
 14.37     0.053713
 14.38     0.053672
 14.39     0.053632
 14.40     0.053594
 14.41     0.053556
 14.42     0.053519
 14.43     0.053483
 14.44     0.053449
 14.45     0.053415
 14.46     0.053382
 14.47     0.053350
 14.48     0.053320
 14.49     0.053290
 14.50     0.053261
 14.51     0.053233
 14.52     0.053206
 14.53     0.053180
 14.54     0.053155
 14.55     0.053131
 14.56     0.053108
 14.57     0.053086
 14.58     0.053065
 14.59     0.053045
 14.60     0.053025
 14.61     0.053007
 14.62     0.052990
 14.63     0.052973
 14.64     0.052958
 14.65     0.052943
 14.66     0.052930
 14.67     0.052917
 14.68     0.052905
 14.69     0.052894
 14.70     0.052884
 14.71     0.052875
 14.72     0.052867
 14.73     0.052860
 14.74     0.052854
 14.75     0.052848
 14.76     0.052844
 14.77     0.052840
 14.78     0.052838
 14.79     0.052836
 14.80     0.052835
 14.81     0.052835
 14.82     0.052836
 14.83     0.052838
 14.84     0.052840
 14.85     0.052844
 14.86     0.052848
 14.87     0.052854
 14.88     0.052860
 14.89     0.052867
 14.90     0.052875
 14.91     0.052883
 14.92     0.052893
 14.93     0.052903
 14.94     0.052915
 14.95     0.052927
 14.96     0.052940
 14.97     0.052953
 14.98     0.052968
 14.99     0.052984
 15.00     0.053000
 15.01     0.053009
 15.02     0.053019
 15.03     0.053031
 15.04     0.053044
 15.05     0.053059
 15.06     0.053075
 15.07     0.053093
 15.08     0.053112
 15.09     0.053133
 15.10     0.053156
 15.11     0.053180
 15.12     0.053205
 15.13     0.053232
 15.14     0.053260
 15.15     0.053290
 15.16     0.053321
 15.17     0.053353
 15.18     0.053387
 15.19     0.053423
 15.20     0.053460
 15.21     0.053498
 15.22     0.053537
 15.23     0.053578
 15.24     0.053620
 15.25     0.053664
 15.26     0.053709
 15.27     0.053755
 15.28     0.053803
 15.29     0.053852
 15.30     0.053902
 15.31     0.053954
 15.32     0.054006
 15.33     0.054060
 15.34     0.054116
 15.35     0.054172
 15.36     0.054230
 15.37     0.054289
 15.38     0.054349
 15.39     0.054411
 15.40     0.054473
 15.41     0.054537
 15.42     0.054602
 15.43     0.054669
 15.44     0.054736
 15.45     0.054804
 15.46     0.054874
 15.47     0.054945
 15.48     0.055017
 15.49     0.055090
 15.50     0.055164
 15.51     0.055239
 15.52     0.055316
 15.53     0.055393
 15.54     0.055472
 15.55     0.055551
 15.56     0.055632
 15.57     0.055713
 15.58     0.055796
 15.59     0.055880
 15.60     0.055964
 15.61     0.056050
 15.62     0.056137
 15.63     0.056224
 15.64     0.056313
 15.65     0.056403
 15.66     0.056493
 15.67     0.056585
 15.68     0.056677
 15.69     0.056770
 15.70     0.056865
 15.71     0.056960
 15.72     0.057056
 15.73     0.057153
 15.74     0.057251
 15.75     0.057349
 15.76     0.057449
 15.77     0.057549
 15.78     0.057650
 15.79     0.057752
 15.80     0.057855
 15.81     0.057959
 15.82     0.058063
 15.83     0.058169
 15.84     0.058275
 15.85     0.058381
 15.86     0.058489
 15.87     0.058597
 15.88     0.058706
 15.89     0.058816
 15.90     0.058927
 15.91     0.059038
 15.92     0.059150
 15.93     0.059262
 15.94     0.059376
 15.95     0.059490
 15.96     0.059604
 15.97     0.059719
 15.98     0.059835
 15.99     0.059952
 16.00     0.060069
 16.01     0.060187
 16.02     0.060305
 16.03     0.060424
 16.04     0.060544
 16.05     0.060664
 16.06     0.060785
 16.07     0.060906
 16.08     0.061028
 16.09     0.061150
 16.10     0.061273
 16.11     0.061396
 16.12     0.061520
 16.13     0.061645
 16.14     0.061770
 16.15     0.061895
 16.16     0.062021
 16.17     0.062147
 16.18     0.062274
 16.19     0.062401
 16.20     0.062529
 16.21     0.062657
 16.22     0.062785
 16.23     0.062914
 16.24     0.063043
 16.25     0.063173
 16.26     0.063303
 16.27     0.063433
 16.28     0.063564
 16.29     0.063695
 16.30     0.063827
 16.31     0.063958
 16.32     0.064090
 16.33     0.064223
 16.34     0.064355
 16.35     0.064488
 16.36     0.064621
 16.37     0.064755
 16.38     0.064889
 16.39     0.065023
 16.40     0.065157
 16.41     0.065291
 16.42     0.065426
 16.43     0.065561
 16.44     0.065696
 16.45     0.065831
 16.46     0.065967
 16.47     0.066102
 16.48     0.066238
 16.49     0.066374
 16.50     0.066510
 16.51     0.066646
 16.52     0.066783
 16.53     0.066919
 16.54     0.067056
 16.55     0.067192
 16.56     0.067329
 16.57     0.067466
 16.58     0.067603
 16.59     0.067740
 16.60     0.067877
 16.61     0.068014
 16.62     0.068151
 16.63     0.068288
 16.64     0.068425
 16.65     0.068562
 16.66     0.068699
 16.67     0.068836
 16.68     0.068973
 16.69     0.069110
 16.70     0.069247
 16.71     0.069384
 16.72     0.069520
 16.73     0.069657
 16.74     0.069794
 16.75     0.069930
 16.76     0.070067
 16.77     0.070203
 16.78     0.070339
 16.79     0.070475
 16.80     0.070611
 16.81     0.070747
 16.82     0.070882
 16.83     0.071017
 16.84     0.071153
 16.85     0.071288
 16.86     0.071422
 16.87     0.071557
 16.88     0.071691
 16.89     0.071825
 16.90     0.071959
 16.91     0.072093
 16.92     0.072226
 16.93     0.072359
 16.94     0.072492
 16.95     0.072625
 16.96     0.072757
 16.97     0.072889
 16.98     0.073020
 16.99     0.073151
 17.00     0.073282
 17.01     0.073413
 17.02     0.073543
 17.03     0.073673
 17.04     0.073802
 17.05     0.073931
 17.06     0.074060
 17.07     0.074188
 17.08     0.074316
 17.09     0.074443
 17.10     0.074570
 17.11     0.074697
 17.12     0.074823
 17.13     0.074949
 17.14     0.075074
 17.15     0.075198
 17.16     0.075322
 17.17     0.075446
 17.18     0.075569
 17.19     0.075692
 17.20     0.075814
 17.21     0.075935
 17.22     0.076056
 17.23     0.076177
 17.24     0.076297
 17.25     0.076416
 17.26     0.076535
 17.27     0.076653
 17.28     0.076770
 17.29     0.076887
 17.30     0.077003
 17.31     0.077119
 17.32     0.077234
 17.33     0.077348
 17.34     0.077462
 17.35     0.077575
 17.36     0.077687
 17.37     0.077798
 17.38     0.077909
 17.39     0.078019
 17.40     0.078129
 17.41     0.078237
 17.42     0.078345
 17.43     0.078452
 17.44     0.078559
 17.45     0.078664
 17.46     0.078769
 17.47     0.078873
 17.48     0.078977
 17.49     0.079079
 17.50     0.079181
 17.51     0.079281
 17.52     0.079381
 17.53     0.079480
 17.54     0.079579
 17.55     0.079676
 17.56     0.079772
 17.57     0.079868
 17.58     0.079963
 17.59     0.080056
 17.60     0.080149
 17.61     0.080241
 17.62     0.080332
 17.63     0.080422
 17.64     0.080511
 17.65     0.080599
 17.66     0.080687
 17.67     0.080773
 17.68     0.080858
 17.69     0.080942
 17.70     0.081025
 17.71     0.081107
 17.72     0.081188
 17.73     0.081269
 17.74     0.081348
 17.75     0.081425
 17.76     0.081502
 17.77     0.081578
 17.78     0.081653
 17.79     0.081726
 17.80     0.081799
 17.81     0.081870
 17.82     0.081940
 17.83     0.082009
 17.84     0.082077
 17.85     0.082144
 17.86     0.082210
 17.87     0.082274
 17.88     0.082337
 17.89     0.082399
 17.90     0.082460
 17.91     0.082520
 17.92     0.082578
 17.93     0.082635
 17.94     0.082691
 17.95     0.082746
 17.96     0.082799
 17.97     0.082851
 17.98     0.082902
 17.99     0.082952
 18.00     0.083000
 18.01     0.083014
 18.02     0.083028
 18.03     0.083040
 18.04     0.083052
 18.05     0.083063
 18.06     0.083073
 18.07     0.083083
 18.08     0.083091
 18.09     0.083099
 18.10     0.083106
 18.11     0.083112
 18.12     0.083117
 18.13     0.083122
 18.14     0.083125
 18.15     0.083128
 18.16     0.083130
 18.17     0.083132
 18.18     0.083132
 18.19     0.083132
 18.20     0.083131
 18.21     0.083129
 18.22     0.083127
 18.23     0.083123
 18.24     0.083119
 18.25     0.083115
 18.26     0.083109
 18.27     0.083103
 18.28     0.083096
 18.29     0.083088
 18.30     0.083080
 18.31     0.083071
 18.32     0.083061
 18.33     0.083051
 18.34     0.083039
 18.35     0.083027
 18.36     0.083015
 18.37     0.083001
 18.38     0.082987
 18.39     0.082973
 18.40     0.082957
 18.41     0.082941
 18.42     0.082925
 18.43     0.082907
 18.44     0.082889
 18.45     0.082871
 18.46     0.082852
 18.47     0.082832
 18.48     0.082811
 18.49     0.082790
 18.50     0.082768
 18.51     0.082746
 18.52     0.082722
 18.53     0.082699
 18.54     0.082675
 18.55     0.082650
 18.56     0.082624
 18.57     0.082598
 18.58     0.082571
 18.59     0.082544
 18.60     0.082516
 18.61     0.082488
 18.62     0.082459
 18.63     0.082429
 18.64     0.082399
 18.65     0.082368
 18.66     0.082337
 18.67     0.082305
 18.68     0.082273
 18.69     0.082240
 18.70     0.082207
 18.71     0.082173
 18.72     0.082138
 18.73     0.082103
 18.74     0.082068
 18.75     0.082031
 18.76     0.081995
 18.77     0.081958
 18.78     0.081920
 18.79     0.081882
 18.80     0.081844
 18.81     0.081805
 18.82     0.081765
 18.83     0.081725
 18.84     0.081685
 18.85     0.081644
 18.86     0.081602
 18.87     0.081560
 18.88     0.081518
 18.89     0.081475
 18.90     0.081432
 18.91     0.081388
 18.92     0.081344
 18.93     0.081300
 18.94     0.081255
 18.95     0.081210
 18.96     0.081164
 18.97     0.081118
 18.98     0.081071
 18.99     0.081024
 19.00     0.080976
 19.01     0.080929
 19.02     0.080880
 19.03     0.080832
 19.04     0.080783
 19.05     0.080734
 19.06     0.080684
 19.07     0.080634
 19.08     0.080583
 19.09     0.080532
 19.10     0.080481
 19.11     0.080430
 19.12     0.080378
 19.13     0.080326
 19.14     0.080273
 19.15     0.080220
 19.16     0.080167
 19.17     0.080114
 19.18     0.080060
 19.19     0.080006
 19.20     0.079951
 19.21     0.079896
 19.22     0.079841
 19.23     0.079786
 19.24     0.079730
 19.25     0.079674
 19.26     0.079618
 19.27     0.079562
 19.28     0.079505
 19.29     0.079448
 19.30     0.079391
 19.31     0.079333
 19.32     0.079275
 19.33     0.079217
 19.34     0.079159
 19.35     0.079100
 19.36     0.079042
 19.37     0.078983
 19.38     0.078923
 19.39     0.078864
 19.40     0.078804
 19.41     0.078744
 19.42     0.078684
 19.43     0.078624
 19.44     0.078564
 19.45     0.078503
 19.46     0.078442
 19.47     0.078381
 19.48     0.078320
 19.49     0.078258
 19.50     0.078197
 19.51     0.078135
 19.52     0.078073
 19.53     0.078011
 19.54     0.077949
 19.55     0.077886
 19.56     0.077824
 19.57     0.077761
 19.58     0.077698
 19.59     0.077635
 19.60     0.077572
 19.61     0.077509
 19.62     0.077446
 19.63     0.077383
 19.64     0.077319
 19.65     0.077255
 19.66     0.077192
 19.67     0.077128
 19.68     0.077064
 19.69     0.077000
 19.70     0.076936
 19.71     0.076872
 19.72     0.076808
 19.73     0.076743
 19.74     0.076679
 19.75     0.076615
 19.76     0.076550
 19.77     0.076486
 19.78     0.076421
 19.79     0.076357
 19.80     0.076292
 19.81     0.076228
 19.82     0.076163
 19.83     0.076098
 19.84     0.076033
 19.85     0.075969
 19.86     0.075904
 19.87     0.075839
 19.88     0.075775
 19.89     0.075710
 19.90     0.075645
 19.91     0.075581
 19.92     0.075516
 19.93     0.075451
 19.94     0.075387
 19.95     0.075322
 19.96     0.075258
 19.97     0.075193
 19.98     0.075129
 19.99     0.075064
 20.00     0.075000
 20.01     0.074955
 20.02     0.074909
 20.03     0.074864
 20.04     0.074819
 20.05     0.074773
 20.06     0.074727
 20.07     0.074682
 20.08     0.074636
 20.09     0.074590
 20.10     0.074544
 20.11     0.074498
 20.12     0.074452
 20.13     0.074406
 20.14     0.074359
 20.15     0.074313
 20.16     0.074267
 20.17     0.074220
 20.18     0.074174
 20.19     0.074127
 20.20     0.074080
 20.21     0.074034
 20.22     0.073987
 20.23     0.073940
 20.24     0.073893
 20.25     0.073846
 20.26     0.073799
 20.27     0.073752
 20.28     0.073704
 20.29     0.073657
 20.30     0.073610
 20.31     0.073562
 20.32     0.073514
 20.33     0.073467
 20.34     0.073419
 20.35     0.073371
 20.36     0.073324
 20.37     0.073276
 20.38     0.073228
 20.39     0.073180
 20.40     0.073132
 20.41     0.073083
 20.42     0.073035
 20.43     0.072987
 20.44     0.072938
 20.45     0.072890
 20.46     0.072842
 20.47     0.072793
 20.48     0.072744
 20.49     0.072696
 20.50     0.072647
 20.51     0.072598
 20.52     0.072549
 20.53     0.072500
 20.54     0.072451
 20.55     0.072402
 20.56     0.072353
 20.57     0.072304
 20.58     0.072254
 20.59     0.072205
 20.60     0.072156
 20.61     0.072106
 20.62     0.072057
 20.63     0.072007
 20.64     0.071957
 20.65     0.071908
 20.66     0.071858
 20.67     0.071808
 20.68     0.071758
 20.69     0.071708
 20.70     0.071658
 20.71     0.071608
 20.72     0.071558
 20.73     0.071508
 20.74     0.071457
 20.75     0.071407
 20.76     0.071357
 20.77     0.071306
 20.78     0.071256
 20.79     0.071205
 20.80     0.071155
 20.81     0.071104
 20.82     0.071053
 20.83     0.071002
 20.84     0.070951
 20.85     0.070901
 20.86     0.070850
 20.87     0.070799
 20.88     0.070748
 20.89     0.070696
 20.90     0.070645
 20.91     0.070594
 20.92     0.070543
 20.93     0.070491
 20.94     0.070440
 20.95     0.070388
 20.96     0.070337
 20.97     0.070285
 20.98     0.070234
 20.99     0.070182
 21.00     0.070130
 21.01     0.070079
 21.02     0.070027
 21.03     0.069975
 21.04     0.069923
 21.05     0.069871
 21.06     0.069819
 21.07     0.069767
 21.08     0.069715
 21.09     0.069663
 21.10     0.069610
 21.11     0.069558
 21.12     0.069506
 21.13     0.069453
 21.14     0.069401
 21.15     0.069349
 21.16     0.069296
 21.17     0.069243
 21.18     0.069191
 21.19     0.069138
 21.20     0.069085
 21.21     0.069033
 21.22     0.068980
 21.23     0.068927
 21.24     0.068874
 21.25     0.068821
 21.26     0.068768
 21.27     0.068715
 21.28     0.068662
 21.29     0.068609
 21.30     0.068556
 21.31     0.068502
 21.32     0.068449
 21.33     0.068396
 21.34     0.068343
 21.35     0.068289
 21.36     0.068236
 21.37     0.068182
 21.38     0.068129
 21.39     0.068075
 21.40     0.068021
 21.41     0.067968
 21.42     0.067914
 21.43     0.067860
 21.44     0.067807
 21.45     0.067753
 21.46     0.067699
 21.47     0.067645
 21.48     0.067591
 21.49     0.067537
 21.50     0.067483
 21.51     0.067429
 21.52     0.067375
 21.53     0.067321
 21.54     0.067267
 21.55     0.067212
 21.56     0.067158
 21.57     0.067104
 21.58     0.067050
 21.59     0.066995
 21.60     0.066941
 21.61     0.066886
 21.62     0.066832
 21.63     0.066777
 21.64     0.066723
 21.65     0.066668
 21.66     0.066614
 21.67     0.066559
 21.68     0.066504
 21.69     0.066449
 21.70     0.066395
 21.71     0.066340
 21.72     0.066285
 21.73     0.066230
 21.74     0.066175
 21.75     0.066120
 21.76     0.066065
 21.77     0.066010
 21.78     0.065955
 21.79     0.065900
 21.80     0.065845
 21.81     0.065790
 21.82     0.065735
 21.83     0.065680
 21.84     0.065625
 21.85     0.065569
 21.86     0.065514
 21.87     0.065459
 21.88     0.065403
 21.89     0.065348
 21.90     0.065293
 21.91     0.065237
 21.92     0.065182
 21.93     0.065126
 21.94     0.065071
 21.95     0.065015
 21.96     0.064960
 21.97     0.064904
 21.98     0.064848
 21.99     0.064793
 22.00     0.064737
 22.01     0.064681
 22.02     0.064626
 22.03     0.064570
 22.04     0.064514
 22.05     0.064458
 22.06     0.064403
 22.07     0.064347
 22.08     0.064291
 22.09     0.064235
 22.10     0.064179
 22.11     0.064123
 22.12     0.064067
 22.13     0.064011
 22.14     0.063955
 22.15     0.063899
 22.16     0.063843
 22.17     0.063787
 22.18     0.063731
 22.19     0.063675
 22.20     0.063618
 22.21     0.063562
 22.22     0.063506
 22.23     0.063450
 22.24     0.063394
 22.25     0.063337
 22.26     0.063281
 22.27     0.063225
 22.28     0.063168
 22.29     0.063112
 22.30     0.063056
 22.31     0.062999
 22.32     0.062943
 22.33     0.062886
 22.34     0.062830
 22.35     0.062774
 22.36     0.062717
 22.37     0.062661
 22.38     0.062604
 22.39     0.062548
 22.40     0.062491
 22.41     0.062434
 22.42     0.062378
 22.43     0.062321
 22.44     0.062265
 22.45     0.062208
 22.46     0.062152
 22.47     0.062095
 22.48     0.062038
 22.49     0.061982
 22.50     0.061925
 22.51     0.061868
 22.52     0.061811
 22.53     0.061755
 22.54     0.061698
 22.55     0.061641
 22.56     0.061584
 22.57     0.061528
 22.58     0.061471
 22.59     0.061414
 22.60     0.061357
 22.61     0.061300
 22.62     0.061244
 22.63     0.061187
 22.64     0.061130
 22.65     0.061073
 22.66     0.061016
 22.67     0.060959
 22.68     0.060902
 22.69     0.060846
 22.70     0.060789
 22.71     0.060732
 22.72     0.060675
 22.73     0.060618
 22.74     0.060561
 22.75     0.060504
 22.76     0.060447
 22.77     0.060390
 22.78     0.060333
 22.79     0.060276
 22.80     0.060219
 22.81     0.060162
 22.82     0.060105
 22.83     0.060048
 22.84     0.059991
 22.85     0.059934
 22.86     0.059877
 22.87     0.059820
 22.88     0.059763
 22.89     0.059706
 22.90     0.059649
 22.91     0.059592
 22.92     0.059535
 22.93     0.059478
 22.94     0.059421
 22.95     0.059364
 22.96     0.059307
 22.97     0.059250
 22.98     0.059193
 22.99     0.059136
 23.00     0.059079
 23.01     0.059022
 23.02     0.058964
 23.03     0.058907
 23.04     0.058850
 23.05     0.058793
 23.06     0.058736
 23.07     0.058679
 23.08     0.058622
 23.09     0.058565
 23.10     0.058508
 23.11     0.058451
 23.12     0.058394
 23.13     0.058337
 23.14     0.058280
 23.15     0.058223
 23.16     0.058166
 23.17     0.058109
 23.18     0.058052
 23.19     0.057995
 23.20     0.057938
 23.21     0.057881
 23.22     0.057824
 23.23     0.057767
 23.24     0.057710
 23.25     0.057653
 23.26     0.057596
 23.27     0.057539
 23.28     0.057482
 23.29     0.057425
 23.30     0.057368
 23.31     0.057311
 23.32     0.057254
 23.33     0.057197
 23.34     0.057140
 23.35     0.057083
 23.36     0.057026
 23.37     0.056969
 23.38     0.056913
 23.39     0.056856
 23.40     0.056799
 23.41     0.056742
 23.42     0.056685
 23.43     0.056628
 23.44     0.056571
 23.45     0.056515
 23.46     0.056458
 23.47     0.056401
 23.48     0.056344
 23.49     0.056287
 23.50     0.056231
 23.51     0.056174
 23.52     0.056117
 23.53     0.056060
 23.54     0.056004
 23.55     0.055947
 23.56     0.055890
 23.57     0.055834
 23.58     0.055777
 23.59     0.055720
 23.60     0.055664
 23.61     0.055607
 23.62     0.055550
 23.63     0.055494
 23.64     0.055437
 23.65     0.055381
 23.66     0.055324
 23.67     0.055268
 23.68     0.055211
 23.69     0.055155
 23.70     0.055098
 23.71     0.055042
 23.72     0.054985
 23.73     0.054929
 23.74     0.054873
 23.75     0.054816
 23.76     0.054760
 23.77     0.054703
 23.78     0.054647
 23.79     0.054591
 23.80     0.054535
 23.81     0.054478
 23.82     0.054422
 23.83     0.054366
 23.84     0.054310
 23.85     0.054253
 23.86     0.054197
 23.87     0.054141
 23.88     0.054085
 23.89     0.054029
 23.90     0.053973
 23.91     0.053917
 23.92     0.053861
 23.93     0.053805
 23.94     0.053749
 23.95     0.053693
 23.96     0.053637
 23.97     0.053581
 23.98     0.053525
 23.99     0.053469
 24.00     0.053413
 24.01     0.053358
 24.02     0.053302
 24.03     0.053246
 24.04     0.053190
 24.05     0.053135
 24.06     0.053079
 24.07     0.053023
 24.08     0.052968
 24.09     0.052912
 24.10     0.052856
 24.11     0.052801
 24.12     0.052745
 24.13     0.052690
 24.14     0.052634
 24.15     0.052579
 24.16     0.052524
 24.17     0.052468
 24.18     0.052413
 24.19     0.052358
 24.20     0.052302
 24.21     0.052247
 24.22     0.052192
 24.23     0.052137
 24.24     0.052081
 24.25     0.052026
 24.26     0.051971
 24.27     0.051916
 24.28     0.051861
 24.29     0.051806
 24.30     0.051751
 24.31     0.051696
 24.32     0.051641
 24.33     0.051586
 24.34     0.051532
 24.35     0.051477
 24.36     0.051422
 24.37     0.051367
 24.38     0.051313
 24.39     0.051258
 24.40     0.051203
 24.41     0.051149
 24.42     0.051094
 24.43     0.051040
 24.44     0.050985
 24.45     0.050931
 24.46     0.050876
 24.47     0.050822
 24.48     0.050768
 24.49     0.050713
 24.50     0.050659
 24.51     0.050605
 24.52     0.050551
 24.53     0.050496
 24.54     0.050442
 24.55     0.050388
 24.56     0.050334
 24.57     0.050280
 24.58     0.050226
 24.59     0.050172
 24.60     0.050119
 24.61     0.050065
 24.62     0.050011
 24.63     0.049957
 24.64     0.049904
 24.65     0.049850
 24.66     0.049796
 24.67     0.049743
 24.68     0.049689
 24.69     0.049636
 24.70     0.049582
 24.71     0.049529
 24.72     0.049475
 24.73     0.049422
 24.74     0.049369
 24.75     0.049316
 24.76     0.049262
 24.77     0.049209
 24.78     0.049156
 24.79     0.049103
 24.80     0.049050
 24.81     0.048997
 24.82     0.048944
 24.83     0.048891
 24.84     0.048839
 24.85     0.048786
 24.86     0.048733
 24.87     0.048680
 24.88     0.048628
 24.89     0.048575
 24.90     0.048523
 24.91     0.048470
 24.92     0.048418
 24.93     0.048365
 24.94     0.048313
 24.95     0.048261
 24.96     0.048208
 24.97     0.048156
 24.98     0.048104
 24.99     0.048052
 25.00     0.048000
 25.01     0.047951
 25.02     0.047902
 25.03     0.047853
 25.04     0.047804
 25.05     0.047755
 25.06     0.047707
 25.07     0.047658
 25.08     0.047609
 25.09     0.047560
 25.10     0.047512
 25.11     0.047463
 25.12     0.047414
 25.13     0.047366
 25.14     0.047317
 25.15     0.047269
 25.16     0.047220
 25.17     0.047172
 25.18     0.047123
 25.19     0.047075
 25.20     0.047026
 25.21     0.046978
 25.22     0.046930
 25.23     0.046881
 25.24     0.046833
 25.25     0.046785
 25.26     0.046737
 25.27     0.046688
 25.28     0.046640
 25.29     0.046592
 25.30     0.046544
 25.31     0.046496
 25.32     0.046448
 25.33     0.046400
 25.34     0.046352
 25.35     0.046304
 25.36     0.046256
 25.37     0.046208
 25.38     0.046160
 25.39     0.046113
 25.40     0.046065
 25.41     0.046017
 25.42     0.045969
 25.43     0.045922
 25.44     0.045874
 25.45     0.045826
 25.46     0.045779
 25.47     0.045731
 25.48     0.045683
 25.49     0.045636
 25.50     0.045588
 25.51     0.045541
 25.52     0.045493
 25.53     0.045446
 25.54     0.045399
 25.55     0.045351
 25.56     0.045304
 25.57     0.045257
 25.58     0.045209
 25.59     0.045162
 25.60     0.045115
 25.61     0.045068
 25.62     0.045021
 25.63     0.044974
 25.64     0.044927
 25.65     0.044879
 25.66     0.044832
 25.67     0.044785
 25.68     0.044738
 25.69     0.044692
 25.70     0.044645
 25.71     0.044598
 25.72     0.044551
 25.73     0.044504
 25.74     0.044457
 25.75     0.044411
 25.76     0.044364
 25.77     0.044317
 25.78     0.044270
 25.79     0.044224
 25.80     0.044177
 25.81     0.044131
 25.82     0.044084
 25.83     0.044038
 25.84     0.043991
 25.85     0.043945
 25.86     0.043898
 25.87     0.043852
 25.88     0.043805
 25.89     0.043759
 25.90     0.043713
 25.91     0.043666
 25.92     0.043620
 25.93     0.043574
 25.94     0.043528
 25.95     0.043482
 25.96     0.043436
 25.97     0.043389
 25.98     0.043343
 25.99     0.043297
 26.00     0.043251
 26.01     0.043205
 26.02     0.043159
 26.03     0.043113
 26.04     0.043067
 26.05     0.043022
 26.06     0.042976
 26.07     0.042930
 26.08     0.042884
 26.09     0.042838
 26.10     0.042793
 26.11     0.042747
 26.12     0.042701
 26.13     0.042656
 26.14     0.042610
 26.15     0.042565
 26.16     0.042519
 26.17     0.042473
 26.18     0.042428
 26.19     0.042383
 26.20     0.042337
 26.21     0.042292
 26.22     0.042246
 26.23     0.042201
 26.24     0.042156
 26.25     0.042110
 26.26     0.042065
 26.27     0.042020
 26.28     0.041975
 26.29     0.041930
 26.30     0.041884
 26.31     0.041839
 26.32     0.041794
 26.33     0.041749
 26.34     0.041704
 26.35     0.041659
 26.36     0.041614
 26.37     0.041569
 26.38     0.041524
 26.39     0.041479
 26.40     0.041435
 26.41     0.041390
 26.42     0.041345
 26.43     0.041300
 26.44     0.041256
 26.45     0.041211
 26.46     0.041166
 26.47     0.041122
 26.48     0.041077
 26.49     0.041032
 26.50     0.040988
 26.51     0.040943
 26.52     0.040899
 26.53     0.040854
 26.54     0.040810
 26.55     0.040765
 26.56     0.040721
 26.57     0.040677
 26.58     0.040632
 26.59     0.040588
 26.60     0.040544
 26.61     0.040500
 26.62     0.040455
 26.63     0.040411
 26.64     0.040367
 26.65     0.040323
 26.66     0.040279
 26.67     0.040235
 26.68     0.040191
 26.69     0.040147
 26.70     0.040103
 26.71     0.040059
 26.72     0.040015
 26.73     0.039971
 26.74     0.039927
 26.75     0.039883
 26.76     0.039840
 26.77     0.039796
 26.78     0.039752
 26.79     0.039708
 26.80     0.039665
 26.81     0.039621
 26.82     0.039577
 26.83     0.039534
 26.84     0.039490
 26.85     0.039447
 26.86     0.039403
 26.87     0.039360
 26.88     0.039316
 26.89     0.039273
 26.90     0.039230
 26.91     0.039186
 26.92     0.039143
 26.93     0.039100
 26.94     0.039056
 26.95     0.039013
 26.96     0.038970
 26.97     0.038927
 26.98     0.038883
 26.99     0.038840
 27.00     0.038797
 27.01     0.038754
 27.02     0.038711
 27.03     0.038668
 27.04     0.038625
 27.05     0.038582
 27.06     0.038539
 27.07     0.038496
 27.08     0.038453
 27.09     0.038411
 27.10     0.038368
 27.11     0.038325
 27.12     0.038282
 27.13     0.038239
 27.14     0.038197
 27.15     0.038154
 27.16     0.038111
 27.17     0.038069
 27.18     0.038026
 27.19     0.037984
 27.20     0.037941
 27.21     0.037899
 27.22     0.037856
 27.23     0.037814
 27.24     0.037771
 27.25     0.037729
 27.26     0.037687
 27.27     0.037644
 27.28     0.037602
 27.29     0.037560
 27.30     0.037517
 27.31     0.037475
 27.32     0.037433
 27.33     0.037391
 27.34     0.037349
 27.35     0.037307
 27.36     0.037265
 27.37     0.037223
 27.38     0.037181
 27.39     0.037139
 27.40     0.037097
 27.41     0.037055
 27.42     0.037013
 27.43     0.036971
 27.44     0.036929
 27.45     0.036887
 27.46     0.036845
 27.47     0.036804
 27.48     0.036762
 27.49     0.036720
 27.50     0.036679
 27.51     0.036637
 27.52     0.036595
 27.53     0.036554
 27.54     0.036512
 27.55     0.036471
 27.56     0.036429
 27.57     0.036388
 27.58     0.036346
 27.59     0.036305
 27.60     0.036263
 27.61     0.036222
 27.62     0.036181
 27.63     0.036140
 27.64     0.036098
 27.65     0.036057
 27.66     0.036016
 27.67     0.035975
 27.68     0.035933
 27.69     0.035892
 27.70     0.035851
 27.71     0.035810
 27.72     0.035769
 27.73     0.035728
 27.74     0.035687
 27.75     0.035646
 27.76     0.035605
 27.77     0.035564
 27.78     0.035523
 27.79     0.035483
 27.80     0.035442
 27.81     0.035401
 27.82     0.035360
 27.83     0.035319
 27.84     0.035279
 27.85     0.035238
 27.86     0.035197
 27.87     0.035157
 27.88     0.035116
 27.89     0.035076
 27.90     0.035035
 27.91     0.034995
 27.92     0.034954
 27.93     0.034914
 27.94     0.034873
 27.95     0.034833
 27.96     0.034792
 27.97     0.034752
 27.98     0.034712
 27.99     0.034672
 28.00     0.034631
 28.01     0.034591
 28.02     0.034551
 28.03     0.034511
 28.04     0.034471
 28.05     0.034430
 28.06     0.034390
 28.07     0.034350
 28.08     0.034310
 28.09     0.034270
 28.10     0.034230
 28.11     0.034190
 28.12     0.034150
 28.13     0.034111
 28.14     0.034071
 28.15     0.034031
 28.16     0.033991
 28.17     0.033951
 28.18     0.033912
 28.19     0.033872
 28.20     0.033832
 28.21     0.033792
 28.22     0.033753
 28.23     0.033713
 28.24     0.033674
 28.25     0.033634
 28.26     0.033595
 28.27     0.033555
 28.28     0.033516
 28.29     0.033476
 28.30     0.033437
 28.31     0.033397
 28.32     0.033358
 28.33     0.033319
 28.34     0.033279
 28.35     0.033240
 28.36     0.033201
 28.37     0.033162
 28.38     0.033123
 28.39     0.033083
 28.40     0.033044
 28.41     0.033005
 28.42     0.032966
 28.43     0.032927
 28.44     0.032888
 28.45     0.032849
 28.46     0.032810
 28.47     0.032771
 28.48     0.032732
 28.49     0.032693
 28.50     0.032654
 28.51     0.032616
 28.52     0.032577
 28.53     0.032538
 28.54     0.032499
 28.55     0.032461
 28.56     0.032422
 28.57     0.032383
 28.58     0.032345
 28.59     0.032306
 28.60     0.032267
 28.61     0.032229
 28.62     0.032190
 28.63     0.032152
 28.64     0.032113
 28.65     0.032075
 28.66     0.032037
 28.67     0.031998
 28.68     0.031960
 28.69     0.031922
 28.70     0.031883
 28.71     0.031845
 28.72     0.031807
 28.73     0.031769
 28.74     0.031730
 28.75     0.031692
 28.76     0.031654
 28.77     0.031616
 28.78     0.031578
 28.79     0.031540
 28.80     0.031502
 28.81     0.031464
 28.82     0.031426
 28.83     0.031388
 28.84     0.031350
 28.85     0.031312
 28.86     0.031274
 28.87     0.031236
 28.88     0.031199
 28.89     0.031161
 28.90     0.031123
 28.91     0.031085
 28.92     0.031048
 28.93     0.031010
 28.94     0.030972
 28.95     0.030935
 28.96     0.030897
 28.97     0.030860
 28.98     0.030822
 28.99     0.030785
 29.00     0.030747
 29.01     0.030710
 29.02     0.030672
 29.03     0.030635
 29.04     0.030598
 29.05     0.030560
 29.06     0.030523
 29.07     0.030486
 29.08     0.030448
 29.09     0.030411
 29.10     0.030374
 29.11     0.030337
 29.12     0.030300
 29.13     0.030263
 29.14     0.030226
 29.15     0.030189
 29.16     0.030151
 29.17     0.030114
 29.18     0.030078
 29.19     0.030041
 29.20     0.030004
 29.21     0.029967
 29.22     0.029930
 29.23     0.029893
 29.24     0.029856
 29.25     0.029819
 29.26     0.029783
 29.27     0.029746
 29.28     0.029709
 29.29     0.029673
 29.30     0.029636
 29.31     0.029599
 29.32     0.029563
 29.33     0.029526
 29.34     0.029490
 29.35     0.029453
 29.36     0.029417
 29.37     0.029380
 29.38     0.029344
 29.39     0.029307
 29.40     0.029271
 29.41     0.029235
 29.42     0.029198
 29.43     0.029162
 29.44     0.029126
 29.45     0.029090
 29.46     0.029053
 29.47     0.029017
 29.48     0.028981
 29.49     0.028945
 29.50     0.028909
 29.51     0.028873
 29.52     0.028837
 29.53     0.028801
 29.54     0.028765
 29.55     0.028729
 29.56     0.028693
 29.57     0.028657
 29.58     0.028621
 29.59     0.028585
 29.60     0.028549
 29.61     0.028514
 29.62     0.028478
 29.63     0.028442
 29.64     0.028406
 29.65     0.028371
 29.66     0.028335
 29.67     0.028299
 29.68     0.028264
 29.69     0.028228
 29.70     0.028193
 29.71     0.028157
 29.72     0.028122
 29.73     0.028086
 29.74     0.028051
 29.75     0.028015
 29.76     0.027980
 29.77     0.027944
 29.78     0.027909
 29.79     0.027874
 29.80     0.027839
 29.81     0.027803
 29.82     0.027768
 29.83     0.027733
 29.84     0.027698
 29.85     0.027663
 29.86     0.027627
 29.87     0.027592
 29.88     0.027557
 29.89     0.027522
 29.90     0.027487
 29.91     0.027452
 29.92     0.027417
 29.93     0.027382
 29.94     0.027347
 29.95     0.027312
 29.96     0.027278
 29.97     0.027243
 29.98     0.027208
 29.99     0.027173
 30.00     0.027138
 30.01     0.027104
 30.02     0.027069
 30.03     0.027034
 30.04     0.027000
 30.05     0.026965
 30.06     0.026931
 30.07     0.026896
 30.08     0.026862
 30.09     0.026827
 30.10     0.026793
 30.11     0.026758
 30.12     0.026724
 30.13     0.026689
 30.14     0.026655
 30.15     0.026621
 30.16     0.026586
 30.17     0.026552
 30.18     0.026518
 30.19     0.026483
 30.20     0.026449
 30.21     0.026415
 30.22     0.026381
 30.23     0.026347
 30.24     0.026313
 30.25     0.026279
 30.26     0.026245
 30.27     0.026211
 30.28     0.026177
 30.29     0.026143
 30.30     0.026109
 30.31     0.026075
 30.32     0.026041
 30.33     0.026007
 30.34     0.025973
 30.35     0.025939
 30.36     0.025906
 30.37     0.025872
 30.38     0.025838
 30.39     0.025804
 30.40     0.025771
 30.41     0.025737
 30.42     0.025703
 30.43     0.025670
 30.44     0.025636
 30.45     0.025603
 30.46     0.025569
 30.47     0.025536
 30.48     0.025502
 30.49     0.025469
 30.50     0.025435
 30.51     0.025402
 30.52     0.025369
 30.53     0.025335
 30.54     0.025302
 30.55     0.025269
 30.56     0.025235
 30.57     0.025202
 30.58     0.025169
 30.59     0.025136
 30.60     0.025103
 30.61     0.025070
 30.62     0.025037
 30.63     0.025003
 30.64     0.024970
 30.65     0.024937
 30.66     0.024904
 30.67     0.024871
 30.68     0.024839
 30.69     0.024806
 30.70     0.024773
 30.71     0.024740
 30.72     0.024707
 30.73     0.024674
 30.74     0.024642
 30.75     0.024609
 30.76     0.024576
 30.77     0.024543
 30.78     0.024511
 30.79     0.024478
 30.80     0.024445
 30.81     0.024413
 30.82     0.024380
 30.83     0.024348
 30.84     0.024315
 30.85     0.024283
 30.86     0.024250
 30.87     0.024218
 30.88     0.024185
 30.89     0.024153
 30.90     0.024121
 30.91     0.024088
 30.92     0.024056
 30.93     0.024024
 30.94     0.023992
 30.95     0.023959
 30.96     0.023927
 30.97     0.023895
 30.98     0.023863
 30.99     0.023831
 31.00     0.023799
 31.01     0.023767
 31.02     0.023735
 31.03     0.023703
 31.04     0.023671
 31.05     0.023639
 31.06     0.023607
 31.07     0.023575
 31.08     0.023543
 31.09     0.023511
 31.10     0.023479
 31.11     0.023447
 31.12     0.023416
 31.13     0.023384
 31.14     0.023352
 31.15     0.023321
 31.16     0.023289
 31.17     0.023257
 31.18     0.023226
 31.19     0.023194
 31.20     0.023162
 31.21     0.023131
 31.22     0.023099
 31.23     0.023068
 31.24     0.023036
 31.25     0.023005
 31.26     0.022974
 31.27     0.022942
 31.28     0.022911
 31.29     0.022880
 31.30     0.022848
 31.31     0.022817
 31.32     0.022786
 31.33     0.022754
 31.34     0.022723
 31.35     0.022692
 31.36     0.022661
 31.37     0.022630
 31.38     0.022599
 31.39     0.022568
 31.40     0.022537
 31.41     0.022506
 31.42     0.022475
 31.43     0.022444
 31.44     0.022413
 31.45     0.022382
 31.46     0.022351
 31.47     0.022320
 31.48     0.022289
 31.49     0.022258
 31.50     0.022228
 31.51     0.022197
 31.52     0.022166
 31.53     0.022135
 31.54     0.022105
 31.55     0.022074
 31.56     0.022043
 31.57     0.022013
 31.58     0.021982
 31.59     0.021952
 31.60     0.021921
 31.61     0.021891
 31.62     0.021860
 31.63     0.021830
 31.64     0.021799
 31.65     0.021769
 31.66     0.021739
 31.67     0.021708
 31.68     0.021678
 31.69     0.021648
 31.70     0.021617
 31.71     0.021587
 31.72     0.021557
 31.73     0.021527
 31.74     0.021497
 31.75     0.021466
 31.76     0.021436
 31.77     0.021406
 31.78     0.021376
 31.79     0.021346
 31.80     0.021316
 31.81     0.021286
 31.82     0.021256
 31.83     0.021226
 31.84     0.021196
 31.85     0.021166
 31.86     0.021137
 31.87     0.021107
 31.88     0.021077
 31.89     0.021047
 31.90     0.021017
 31.91     0.020988
 31.92     0.020958
 31.93     0.020928
 31.94     0.020899
 31.95     0.020869
 31.96     0.020839
 31.97     0.020810
 31.98     0.020780
 31.99     0.020751
 32.00     0.020721
 32.01     0.020692
 32.02     0.020662
 32.03     0.020633
 32.04     0.020604
 32.05     0.020574
 32.06     0.020545
 32.07     0.020516
 32.08     0.020486
 32.09     0.020457
 32.10     0.020428
 32.11     0.020399
 32.12     0.020369
 32.13     0.020340
 32.14     0.020311
 32.15     0.020282
 32.16     0.020253
 32.17     0.020224
 32.18     0.020195
 32.19     0.020166
 32.20     0.020137
 32.21     0.020108
 32.22     0.020079
 32.23     0.020050
 32.24     0.020021
 32.25     0.019992
 32.26     0.019963
 32.27     0.019935
 32.28     0.019906
 32.29     0.019877
 32.30     0.019848
 32.31     0.019820
 32.32     0.019791
 32.33     0.019762
 32.34     0.019734
 32.35     0.019705
 32.36     0.019677
 32.37     0.019648
 32.38     0.019619
 32.39     0.019591
 32.40     0.019562
 32.41     0.019534
 32.42     0.019506
 32.43     0.019477
 32.44     0.019449
 32.45     0.019420
 32.46     0.019392
 32.47     0.019364
 32.48     0.019336
 32.49     0.019307
 32.50     0.019279
 32.51     0.019251
 32.52     0.019223
 32.53     0.019195
 32.54     0.019166
 32.55     0.019138
 32.56     0.019110
 32.57     0.019082
 32.58     0.019054
 32.59     0.019026
 32.60     0.018998
 32.61     0.018970
 32.62     0.018942
 32.63     0.018915
 32.64     0.018887
 32.65     0.018859
 32.66     0.018831
 32.67     0.018803
 32.68     0.018775
 32.69     0.018748
 32.70     0.018720
 32.71     0.018692
 32.72     0.018665
 32.73     0.018637
 32.74     0.018609
 32.75     0.018582
 32.76     0.018554
 32.77     0.018527
 32.78     0.018499
 32.79     0.018472
 32.80     0.018444
 32.81     0.018417
 32.82     0.018389
 32.83     0.018362
 32.84     0.018335
 32.85     0.018307
 32.86     0.018280
 32.87     0.018253
 32.88     0.018225
 32.89     0.018198
 32.90     0.018171
 32.91     0.018144
 32.92     0.018117
 32.93     0.018089
 32.94     0.018062
 32.95     0.018035
 32.96     0.018008
 32.97     0.017981
 32.98     0.017954
 32.99     0.017927
 33.00     0.017900
 33.01     0.017873
 33.02     0.017846
 33.03     0.017819
 33.04     0.017792
 33.05     0.017766
 33.06     0.017739
 33.07     0.017712
 33.08     0.017685
 33.09     0.017659
 33.10     0.017632
 33.11     0.017605
 33.12     0.017578
 33.13     0.017552
 33.14     0.017525
 33.15     0.017499
 33.16     0.017472
 33.17     0.017445
 33.18     0.017419
 33.19     0.017392
 33.20     0.017366
 33.21     0.017340
 33.22     0.017313
 33.23     0.017287
 33.24     0.017260
 33.25     0.017234
 33.26     0.017208
 33.27     0.017181
 33.28     0.017155
 33.29     0.017129
 33.30     0.017103
 33.31     0.017076
 33.32     0.017050
 33.33     0.017024
 33.34     0.016998
 33.35     0.016972
 33.36     0.016946
 33.37     0.016920
 33.38     0.016894
 33.39     0.016868
 33.40     0.016842
 33.41     0.016816
 33.42     0.016790
 33.43     0.016764
 33.44     0.016738
 33.45     0.016712
 33.46     0.016687
 33.47     0.016661
 33.48     0.016635
 33.49     0.016609
 33.50     0.016583
 33.51     0.016558
 33.52     0.016532
 33.53     0.016506
 33.54     0.016481
 33.55     0.016455
 33.56     0.016430
 33.57     0.016404
 33.58     0.016379
 33.59     0.016353
 33.60     0.016328
 33.61     0.016302
 33.62     0.016277
 33.63     0.016251
 33.64     0.016226
 33.65     0.016201
 33.66     0.016175
 33.67     0.016150
 33.68     0.016125
 33.69     0.016099
 33.70     0.016074
 33.71     0.016049
 33.72     0.016024
 33.73     0.015999
 33.74     0.015973
 33.75     0.015948
 33.76     0.015923
 33.77     0.015898
 33.78     0.015873
 33.79     0.015848
 33.80     0.015823
 33.81     0.015798
 33.82     0.015773
 33.83     0.015748
 33.84     0.015723
 33.85     0.015699
 33.86     0.015674
 33.87     0.015649
 33.88     0.015624
 33.89     0.015599
 33.90     0.015575
 33.91     0.015550
 33.92     0.015525
 33.93     0.015500
 33.94     0.015476
 33.95     0.015451
 33.96     0.015427
 33.97     0.015402
 33.98     0.015377
 33.99     0.015353
 34.00     0.015328
 34.01     0.015304
 34.02     0.015280
 34.03     0.015255
 34.04     0.015231
 34.05     0.015206
 34.06     0.015182
 34.07     0.015158
 34.08     0.015133
 34.09     0.015109
 34.10     0.015085
 34.11     0.015061
 34.12     0.015036
 34.13     0.015012
 34.14     0.014988
 34.15     0.014964
 34.16     0.014940
 34.17     0.014916
 34.18     0.014892
 34.19     0.014868
 34.20     0.014844
 34.21     0.014820
 34.22     0.014796
 34.23     0.014772
 34.24     0.014748
 34.25     0.014724
 34.26     0.014700
 34.27     0.014676
 34.28     0.014652
 34.29     0.014628
 34.30     0.014605
 34.31     0.014581
 34.32     0.014557
 34.33     0.014533
 34.34     0.014510
 34.35     0.014486
 34.36     0.014463
 34.37     0.014439
 34.38     0.014415
 34.39     0.014392
 34.40     0.014368
 34.41     0.014345
 34.42     0.014321
 34.43     0.014298
 34.44     0.014274
 34.45     0.014251
 34.46     0.014228
 34.47     0.014204
 34.48     0.014181
 34.49     0.014158
 34.50     0.014134
 34.51     0.014111
 34.52     0.014088
 34.53     0.014064
 34.54     0.014041
 34.55     0.014018
 34.56     0.013995
 34.57     0.013972
 34.58     0.013949
 34.59     0.013926
 34.60     0.013903
 34.61     0.013880
 34.62     0.013857
 34.63     0.013834
 34.64     0.013811
 34.65     0.013788
 34.66     0.013765
 34.67     0.013742
 34.68     0.013719
 34.69     0.013696
 34.70     0.013673
 34.71     0.013651
 34.72     0.013628
 34.73     0.013605
 34.74     0.013582
 34.75     0.013560
 34.76     0.013537
 34.77     0.013514
 34.78     0.013492
 34.79     0.013469
 34.80     0.013447
 34.81     0.013424
 34.82     0.013401
 34.83     0.013379
 34.84     0.013356
 34.85     0.013334
 34.86     0.013312
 34.87     0.013289
 34.88     0.013267
 34.89     0.013244
 34.90     0.013222
 34.91     0.013200
 34.92     0.013177
 34.93     0.013155
 34.94     0.013133
 34.95     0.013111
 34.96     0.013089
 34.97     0.013066
 34.98     0.013044
 34.99     0.013022
